14.134725141734693790457251983545007
21.022039638771554992628479595244284
25.0108575801456887632137909737968
30.42487612585951321031189850356049
32.935061587739189690662363261014773
37.586178158825671257217886576937953
40.918719012147495187396257406516557
43.327073280914999519505168938066459
48.0051508811671597275995213684552
49.773832477672302183334656385764799
52.970321477714460635103069981021287
56.446247697063394929774871870980084
59.347044002602351194943854188232503
60.831778524609814687652881782962291
65.112544048081518647936690557436251
67.079810529494671626918694491596164
69.546401711171363467029452675224369
72.067157674494874808415211258070866
75.704690698745097278218877901668417
77.144840070106262998291197419451953
79.337375016664639401576575114491277
82.910380908208504905401138688250895
84.735492717642558709088083892909157
87.425277048416267070512274523545422
88.809105440611303354400864090905962
92.491968014821429859468473951514451
94.650622441887204392388809183128649
95.87223062098209338366272261241593
98.823904952329749251647090821975351
101.37496597218687273909756446169986
103.3679880094134887016137629860377
