14.13472514173469376946955013374228
21.022039638771556590236939649713277
25.010857580145666732738148609674722
30.424876125860637480203161561449826
32.935061587732653544996454236320516
37.586178158964450216957166172314611
40.918719010066375389241497190145941
43.327073290889647899582580051097685
48.005150510353977861658731181755861
49.773833999043025583659849979792347
52.970311909832020781030801618941287
56.446378299858944823854319636347589
59.345111849668862170511126468918007
60.836723360388053753201666743372533
65.032073771989139101376798834823425
